latitude=30.85654
longitude=75.85495
